material_balance_delta: 0.001632, 1.019749
piece_activity_delta: 0.112995, 3.669102
pawn_structure_delta: 0.025333, 0.377105
tactical_danger_delta: 0.078585, 0.898893
stockfish_eval_delta: -1.263611, 155.263410
mate_in_delta: 0.001535, 0.447374
rooks_on_open_files_delta: 0.010317, 0.243228
open_files_toward_king_delta: 0.001994, 0.497080
win_percentage_delta: 0.077925, 14.632536
